listing_id,high,medium,low
7142618,0.13,0.399,0.471
7210040,0.224,0.376,0.4
7174566,0.022,0.084,0.894
7191391,0.367,0.368,0.265
7171695,0.01,0.142,0.848
7225206,0.018,0.238,0.744
7200075,0.021,0.095,0.884
7145074,0.21,0.542,0.248
7193645,0.127,0.2,0.673
7147703,0.0,0.006,0.994
7182218,0.061,0.173,0.766
7132136,0.026,0.188,0.786
7130670,0.143,0.316,0.541
7151855,0.009,0.2,0.791
7158358,0.013,0.085,0.902
7221001,0.061,0.199,0.74
7100305,0.345,0.352,0.303
7096581,0.104,0.539,0.357
7177904,0.092,0.602,0.306
7122823,0.185,0.413,0.402
7183502,0.016,0.152,0.832
7170627,0.017,0.292,0.691
7154826,0.177,0.301,0.522
7155276,0.002,0.061,0.937
7126641,0.084,0.144,0.772
7096119,0.16,0.266,0.574
7197172,0.007,0.034,0.959
7189973,0.034,0.225,0.741
7123008,0.093,0.06,0.847
7146900,0.057,0.246,0.697
7109717,0.046,0.29,0.664
7129938,0.09,0.376,0.534
7107178,0.001,0.077,0.922
7176321,0.077,0.215,0.708
7128745,0.051,0.185,0.764
7142399,0.027,0.813,0.16
7173397,0.06,0.132,0.808
7097445,0.4815,0.25333333333333335,0.26516666666666666
7176649,0.01,0.081,0.909
7217973,0.033,0.274,0.693
7181413,0.09,0.388,0.522
7131045,0.017,0.127,0.856
7227600,0.201,0.354,0.445
7152410,0.01,0.036,0.954
7164630,0.088,0.3935,0.5185
7233385,0.033,0.23,0.737
7132168,0.068,0.391,0.541
7177475,0.0,0.051,0.949
7195866,0.002,0.029,0.969
7128348,0.0,0.007,0.993
7127663,0.1019,0.3911,0.507
7224803,0.019,0.10765000000000001,0.8733500000000001
7175018,0.045,0.307,0.648
7172595,0.08,0.266,0.654
7109912,0.097,0.216,0.687
7138297,0.249,0.441,0.31
7092476,0.034,0.137,0.829
7089303,0.038,0.178,0.784
7125155,0.038,0.555,0.407
7220062,0.029,0.136,0.835
7106449,0.19224999999999998,0.38875,0.419
7128225,0.14816666666666667,0.2931666666666667,0.5586666666666668
7195250,0.003,0.023,0.974
7218672,0.041,0.578,0.381
7196783,0.019,0.066,0.915
7103890,0.066,0.198,0.736
7091781,0.068,0.243,0.689
7188560,0.005,0.045,0.95
7158435,0.14,0.499,0.361
7174040,0.05,0.1945,0.7555
7090560,0.155,0.278,0.567
7176342,0.013,0.034,0.953
7192962,0.023,0.154,0.823
7097397,0.034,0.159,0.807
7145866,0.022,0.126,0.852
7206754,0.001,0.055,0.944
7138175,0.042,0.246,0.712
7149594,0.001,0.027,0.972
7156633,0.016,0.338,0.646
7105345,0.037,0.64,0.323
7213632,0.047,0.1,0.853
7183113,0.011,0.048,0.941
7140000,0.319,0.366,0.315
7195613,0.03,0.329,0.641
7105115,0.044,0.636,0.32
7160348,0.004,0.09,0.906
7160614,0.008,0.064,0.928
7092337,0.052,0.36,0.588
7147336,0.021,0.048,0.931
7218407,0.03,0.16,0.81
7153777,0.316,0.2056666666666667,0.4783333333333334
7105692,0.051,0.34,0.609
7182783,0.036,0.211,0.753
7175581,0.004,0.044,0.952
7178664,0.29966666666666664,0.31833333333333336,0.382
7211063,0.489,0.277,0.234
7224728,0.06,0.345,0.595
7102627,0.093,0.317,0.59
7092248,0.12885714285714286,0.3551428571428571,0.516
7207732,0.054,0.2806666666666666,0.6653333333333332
7103067,0.01,0.109,0.881
7229817,0.073,0.171,0.756
7172753,0.054,0.363,0.583
7125988,0.004,0.012,0.984
7091708,0.007,0.053,0.94
7120982,0.29,0.246,0.464
7200404,0.079,0.288,0.633
7134396,0.092,0.404,0.504
7094055,0.117,0.159,0.724
7220352,0.051,0.23,0.719
7097260,0.014,0.24,0.746
7132074,0.016,0.219,0.765
7195758,0.001,0.064,0.935
7218227,0.0,0.101,0.899
7191025,0.0,0.0,1.0
7152268,0.6271666666666668,0.327,0.04583333333333333
7210298,0.062,0.288,0.65
7096221,0.016,0.161,0.823
7137429,0.009,0.068,0.923
7141582,0.266,0.3,0.434
7125014,0.25766666666666665,0.22733333333333333,0.515
7204283,0.042,0.17,0.788
7129195,0.006,0.067,0.927
7208151,0.006,0.118,0.876
7169433,0.07,0.688,0.242
7194385,0.004,0.087,0.909
7184378,0.101,0.239,0.66
7112430,0.18616666666666667,0.3563333333333334,0.4575
7224419,0.022,0.199,0.779
7176557,0.0,0.06,0.94
7185501,0.092,0.148,0.76
7205296,0.0,0.002,0.998
7143873,0.011,0.048,0.941
7227106,0.087,0.31,0.603
7143808,0.29475,0.45325,0.252
7123007,0.308,0.301,0.391
7120025,0.243,0.303,0.454
7095934,0.14674603174603174,0.39225396825396824,0.461
7102526,0.312,0.247,0.441
7149561,0.018,0.141,0.841
7147321,0.25366666666666665,0.24533333333333335,0.501
7163675,0.028,0.04,0.932
7203197,0.015,0.07,0.915
7192159,0.003,0.037,0.96
7124635,0.006,0.05,0.944
7138513,0.019,0.148,0.833
7116744,0.181,0.276,0.543
7228168,0.017,0.044,0.939
7156739,0.21319761904761905,0.378802380952381,0.408
7233157,0.03,0.345,0.625
7091879,0.073,0.277,0.65
7145151,0.076,0.394,0.53
7230883,0.01,0.099,0.891
7188256,0.34883333333333333,0.3621666666666667,0.289
7203095,0.001,0.008,0.991
7142105,0.101,0.317,0.582
7210546,0.038,0.251,0.711
7134026,0.16579999999999998,0.4831999999999999,0.351
7119521,0.018,0.109,0.873
7225812,0.084,0.47,0.446
7231536,0.0742,0.1918,0.734
7120399,0.031,0.0985,0.8705
7209940,0.075,0.292,0.633
7125730,0.048,0.473,0.479
7129665,0.005,0.073,0.922
7156628,0.096,0.344,0.56
7154533,0.0,0.003,0.997
7194011,0.015,0.088,0.897
7159573,0.129,0.3,0.571
7122632,0.021,0.097,0.882
7199902,0.001,0.001,0.998
7204514,0.054,0.146,0.8
7114559,0.05092857142857143,0.15607142857142858,0.793
7172574,0.036,0.207,0.757
7190848,0.022,0.218,0.76
7127320,0.236,0.64,0.124
7099989,0.064,0.25,0.686
7193209,0.124,0.359,0.517
7163387,0.477,0.391,0.132
7192322,0.004,0.057,0.939
7181284,0.055,0.2,0.745
7138658,0.0,0.044,0.956
7094836,0.08,0.4258809523809524,0.49411904761904757
7228347,0.016,0.132,0.852
7092957,0.065,0.355,0.58
7095106,0.038,0.283,0.679
7118353,0.001,0.092,0.907
7187196,0.0,0.004,0.996
7171952,0.154,0.58,0.266
7109967,0.015,0.08633333333333335,0.8986666666666666
7121401,0.337,0.32016666666666665,0.3428333333333334
7117926,0.223,0.389,0.388
7149587,0.002,0.049,0.949
7153700,0.0,0.066,0.934
7128436,0.075,0.481,0.444
7156683,0.012,0.297,0.691
7183547,0.001,0.036,0.963
7130682,0.068,0.295,0.637
7191787,0.0,0.001,0.999
7201129,0.009,0.058,0.933
7131018,0.062,0.28,0.658
7191519,0.025,0.187,0.788
7129888,0.006,0.20166666666666666,0.7923333333333333
7119314,0.358,0.27979166666666666,0.36220833333333335
7173398,0.065,0.345,0.59
7100690,0.4236666666666667,0.2803333333333334,0.296
7111231,0.089,0.49133333333333334,0.4196666666666667
7173783,0.142,0.207,0.651
7185543,0.017,0.155,0.828
7190190,0.058,0.17,0.772
7157963,0.2805,0.28925,0.43025
7158304,0.189,0.1061,0.7049
7095639,0.038,0.258,0.704
7130993,0.0,0.002,0.998
7117359,0.042,0.216,0.742
7122494,0.002,0.035,0.963
7093292,0.199,0.18450000000000003,0.6164999999999999
7214909,0.037,0.248,0.715
7178939,0.081,0.2985,0.6205
7209358,0.0,0.014,0.986
7232607,0.005,0.054,0.941
7207044,0.006,0.057,0.937
7223765,0.132,0.378,0.49
7103387,0.052,0.307,0.641
7149774,0.0,0.0,1.0
7105211,0.014,0.11,0.876
7183544,0.02,0.058,0.922
7233547,0.06083333333333333,0.22116666666666668,0.718
7096046,0.002,0.143,0.855
7174305,0.029,0.2224047619047619,0.7485952380952381
7172833,0.044,0.306,0.65
7109230,0.003,0.149,0.848
7180549,0.088,0.17,0.742
7096591,0.004,0.055,0.941
7110015,0.006,0.057,0.937
7114048,0.07,0.547,0.383
7111037,0.16,0.44980000000000003,0.3902
7218940,0.005,0.086,0.909
7151360,0.61,0.1035,0.2865
7127611,0.048,0.292,0.66
7157286,0.092,0.312,0.596
7155237,0.025,0.108,0.867
7152325,0.895,0.03,0.075
7133809,0.153,0.136,0.711
7151723,0.02,0.147,0.833
7139628,0.057,0.22,0.723
7116008,0.0,0.009,0.991
7139222,0.04,0.236,0.724
7118151,0.072,0.117,0.811
7211749,0.076,0.147,0.777
7216084,0.005,0.014,0.981
7167944,0.114,0.435,0.451
7204462,0.349,0.3825,0.2685
7170651,0.022,0.424,0.554
7166110,0.048,0.242,0.71
7215024,0.003,0.112,0.885
7092587,0.068,0.55,0.382
7228780,0.089,0.242,0.669
7113165,0.076,0.495,0.429
7185875,0.107,0.816,0.077
7207091,0.061,0.4505,0.4885
7154391,0.141,0.169,0.69
7134369,0.099,0.571,0.33
7114144,0.004,0.099,0.897
7225788,0.0,0.002,0.998
7174343,0.42,0.266,0.314
7184376,0.037,0.1625,0.8005
7099086,0.036,0.376,0.588
7206516,0.015,0.048,0.937
7109865,0.0,0.006,0.994
7221603,0.044,0.206,0.75
7102769,0.037,0.313,0.65
7136804,0.025,0.1471833333333333,0.8278166666666666
7133432,0.181,0.201,0.618
7211670,0.05,0.619,0.331
7193044,0.15665,0.35935,0.484
7179722,0.0,0.002,0.998
7098040,0.148,0.242,0.61
7228235,0.14,0.29375,0.56625
7168531,0.03,0.263,0.707
7092471,0.018,0.143,0.839
7151021,0.043,0.16,0.797
7117279,0.002,0.032,0.966
7231987,0.019,0.246,0.735
7152057,0.009,0.033,0.958
7169603,0.0,0.005,0.995
7190178,0.003,0.076,0.921
7098492,0.092,0.372,0.536
7151657,0.0,0.001,0.999
7202087,0.277,0.427,0.296
7172144,0.091,0.267,0.642
7151264,0.3375,0.16805555555555554,0.49444444444444446
7167649,0.077,0.321,0.602
7125098,0.004,0.055,0.941
7192968,0.051,0.6,0.349
7167064,0.062,0.186,0.752
7208386,0.062,0.238,0.7
7140549,0.286,0.33,0.384
7232611,0.104,0.233,0.663
7231989,0.003,0.088,0.909
7131237,0.109,0.468,0.423
7123477,0.078,0.279,0.643
7139138,0.3218333333333333,0.3101666666666667,0.368
7100724,0.003,0.059,0.938
7114596,0.021,0.14859999999999998,0.8304
7143360,0.008,0.101,0.891
7131232,0.235,0.477,0.288
7135694,0.048,0.207,0.745
7156849,0.07,0.399,0.531
7134868,0.047,0.309,0.644
7204699,0.2573333333333333,0.3075833333333333,0.4350833333333333
7159026,0.056,0.34,0.604
7210613,0.104,0.283,0.613
7178322,0.026,0.168,0.806
7092546,0.057,0.171,0.772
7175776,0.011,0.146,0.843
7198568,0.053,0.083,0.864
7205032,0.0,0.011,0.989
7191829,0.0894,0.142,0.7686000000000001
7090354,0.006,0.036,0.958
7103754,0.137,0.29875,0.56425
7210833,0.068,0.282,0.65
7119486,0.053,0.48957142857142855,0.45742857142857146
7313611,0.017,0.08,0.903
7192079,0.012,0.1,0.888
7174050,0.024,0.132,0.844
7158408,0.034,0.13,0.836
7162815,0.3945,0.2975,0.308
7128366,0.665,0.16,0.175
7233175,0.116,0.34,0.544
7095885,0.081,0.365,0.554
7098256,0.008,0.072,0.92
7198026,0.095,0.288,0.617
7179395,0.035,0.182,0.783
7126687,0.005,0.086,0.909
7186570,0.011,0.116,0.873
7174616,0.123,0.532,0.345
7190918,0.071,0.349,0.58
7174630,0.001,0.041,0.958
7099714,0.089,0.175,0.736
7210257,0.016,0.149,0.835
7218237,0.013,0.116,0.871
7194008,0.18,0.111,0.709
7145715,0.001,0.073,0.926
7161245,0.045,0.226,0.729
7232193,0.069,0.216,0.715
7157880,0.057,0.3495,0.5935
7234325,0.005,0.0,0.995
7105040,0.051,0.349,0.6
7123444,0.036,0.186,0.7780000000000001
7098616,0.003,0.092,0.905
7111962,0.03933333333333334,0.11166666666666668,0.849
7206817,0.008,0.111,0.881
7140556,0.031,0.514,0.455
7214145,0.011,0.064,0.925
7215333,0.016,0.163,0.821
7130379,0.03,0.256,0.714
7215033,0.013,0.161,0.826
7200611,0.049,0.217,0.734
7159658,0.172,0.46,0.368
7109857,0.001,0.014,0.985
7187765,0.013,0.105,0.882
7197884,0.033,0.45,0.517
7141108,0.211,0.241,0.548
7221313,0.065,0.42,0.515
7160195,0.012,0.136,0.852
7135503,0.004,0.0356,0.9604
7184754,0.0635,0.3285,0.608
7181796,0.063,0.521,0.416
7204408,0.14,0.403,0.457
7125047,0.004,0.065,0.931
7170001,0.225,0.196,0.579
7222789,0.013,0.04,0.947
7119555,0.095,0.527,0.378
7103893,0.016,0.15025,0.83375
7231878,0.02,0.154,0.826
7194073,0.063,0.597,0.34
7156654,0.074,0.248,0.678
7181249,0.004,0.006,0.99
7155816,0.019,0.069,0.912
7140001,0.147,0.149,0.704
7167234,0.166,0.278,0.556
7102496,0.029,0.1965,0.7745
7232981,0.121,0.472,0.407
7216485,0.009,0.104,0.887
7224065,0.018,0.311,0.671
7172720,0.001,0.014,0.985
7119328,0.045,0.30343333333333333,0.6515666666666666
7166323,0.011,0.081,0.908
7095312,0.049,0.395,0.556
7126464,0.076,0.319,0.605
7156313,0.015,0.18,0.805
7142691,0.022333333333333337,0.48466666666666663,0.493
7180405,0.035,0.207,0.758
7201309,0.035,0.117,0.848
7229233,0.01,0.255,0.735
7128242,0.01,0.119,0.871
7206764,0.001,0.054,0.945
7125953,0.079,0.112,0.809
7193756,0.033,0.218,0.749
7110807,0.198,0.443,0.359
7123025,0.01,0.1,0.89
7229043,0.006,0.061,0.933
7144529,0.40066666666666667,0.2965,0.3028333333333333
7089925,0.034,0.336,0.63
7142909,0.006,0.101,0.893
7200320,0.024666666666666667,0.23066666666666666,0.7446666666666667
7216427,0.048,0.482,0.47
7192680,0.047,0.216,0.737
7130341,0.18975,0.61725,0.193
7214209,0.041,0.258,0.701
7207776,0.103,0.5755,0.3215
7185816,0.034,0.551,0.415
7172271,0.001,0.04,0.959
7165343,0.02,0.081,0.899
7212934,0.037,0.234,0.729
7152751,0.057,0.325,0.618
7089177,0.102,0.398,0.5
7135107,0.093,0.186,0.721
7092850,0.021,0.28,0.699
7158555,0.291,0.376,0.333
7234183,0.001,0.004,0.995
7118286,0.043,0.206,0.751
7119152,0.018,0.168,0.814
7223584,0.309,0.375,0.316
7123957,0.085,0.181,0.734
7223702,0.001,0.074,0.925
7108026,0.008,0.241,0.751
7165605,0.545,0.283,0.172
7227039,0.077,0.753,0.17
7157195,0.069,0.2062,0.7248
7104579,0.098,0.2385,0.6635
7119805,0.135,0.246,0.619
7142014,0.46425,0.30263333333333337,0.2331166666666667
7174412,0.006,0.029,0.965
7205037,0.02,0.054,0.926
7096604,0.027,0.159,0.814
7214758,0.043,0.089,0.868
7135785,0.276,0.255,0.469
7210042,0.004,0.05,0.946
7150868,0.3433333333333334,0.3346666666666666,0.322
7115004,0.072,0.317,0.611
7208850,0.0016666666666666666,0.01,0.9883333333333334
7122006,0.15175,0.50925,0.339
7218334,0.03,0.193,0.777
7164673,0.218,0.444,0.338
7098334,0.082,0.261,0.657
7116799,0.07975,0.2425,0.67775
7158050,0.043,0.264,0.693
7113260,0.1718333333333333,0.5241666666666667,0.304
7169293,0.044,0.193,0.763
7219356,0.26833333333333337,0.5276666666666667,0.204
7103883,0.014,0.12,0.866
7162849,0.027,0.368,0.605
7220960,0.512,0.207,0.281
7218150,0.004,0.101,0.895
7169062,0.014,0.145,0.841
7132833,0.088,0.435,0.477
7153312,0.087,0.343,0.57
7102582,0.01,0.095,0.895
7128031,0.27925,0.16675,0.554
7226979,0.001,0.031,0.968
7174830,0.004,0.074,0.922
7095500,0.357,0.401,0.242
7203788,0.043,0.061,0.896
7195129,0.097,0.366,0.537
7096676,0.019,0.173,0.808
7139189,0.0,0.02,0.98
7156036,0.094,0.61,0.296
7201766,0.354,0.2674833333333333,0.37851666666666667
7127461,0.11015000000000001,0.41685,0.473
7176092,0.5395833333333334,0.28656666666666664,0.17385
7093983,0.046,0.218,0.736
7219250,0.125,0.34,0.535
7216197,0.331,0.4765,0.1925
7175523,0.521,0.158,0.321
7096041,0.002,0.19,0.808
7106333,0.024,0.201,0.775
7135564,0.118,0.23234999999999997,0.64965
7230191,0.015,0.139,0.846
7094318,0.22475,0.56225,0.213
7157145,0.02,0.415,0.565
7141347,0.001,0.021333333333333333,0.9776666666666667
7197253,0.333,0.519,0.148
7151861,0.0,0.0,1.0
7128268,0.0,0.005,0.995
7180937,0.072,0.14433333333333334,0.7836666666666666
7097170,0.015,0.1333333333333333,0.8516666666666667
7205053,0.021,0.244,0.735
7223074,0.2005,0.5453333333333332,0.25416666666666665
7127700,0.007,0.075,0.918
7184877,0.012,0.063,0.925
7156129,0.042,0.212,0.746
7233730,0.01775,0.142,0.84025
7153783,0.235,0.1525,0.6125
7113299,0.014,0.109,0.877
7098374,0.06,0.304,0.636
7225647,0.004,0.062,0.934
7111117,0.03,0.165,0.805
7138147,0.009,0.246,0.745
7120784,0.032,0.283,0.685
7186670,0.136,0.351,0.513
7145739,0.005,0.059,0.936
7090058,0.168,0.215,0.617
7110436,0.059,0.383,0.558
7232756,0.005,0.043,0.952
7111709,0.111,0.307,0.582
7107311,0.054,0.173,0.773
7210450,0.209,0.43,0.361
7127661,0.028,0.185,0.787
7096383,0.164,0.654,0.182
7137831,0.003,0.02275,0.97425
7160032,0.09,0.245,0.665
7128113,0.018,0.276,0.706
7197701,0.03,0.113,0.857
7140888,0.009,0.236,0.755
7098130,0.168,0.372,0.46
7158260,0.053,0.215,0.732
7112812,0.254,0.569,0.177
7179231,0.124,0.476,0.4
7123293,0.167,0.415,0.418
7127939,0.037,0.209,0.754
7210843,0.0,0.003,0.997
7119906,0.031,0.118,0.851
7157868,0.012,0.065,0.923
7160993,0.049,0.074,0.877
7198449,0.004,0.57,0.426
7194749,0.12,0.423,0.457
7164909,0.069,0.25,0.681
7155991,0.042,0.156,0.802
7219535,0.017,0.1335,0.8495
7127883,0.005,0.02316666666666667,0.9718333333333333
7192641,0.118,0.312,0.57
7222187,0.11308333333333333,0.25401666666666667,0.6329000000000001
7129565,0.019,0.103,0.878
7143475,0.021,0.607,0.372
7121904,0.1855,0.2635,0.551
7124968,0.088,0.263,0.649
7103194,0.05,0.248,0.702
7197397,0.008,0.078,0.914
7181741,0.02,0.418,0.562
7139959,0.077,0.284,0.639
7179519,0.563,0.293,0.144
7187941,0.058,0.437,0.505
7142188,0.5478,0.2462,0.206
7224310,0.017,0.503,0.48
7142856,0.06,0.438,0.502
7090831,0.018,0.33,0.652
7152437,0.001,0.014,0.985
7130584,0.1375,0.2875,0.575
7162590,0.005,0.07733333333333332,0.9176666666666667
7210173,0.018,0.147,0.835
7173461,0.19266666666666665,0.41733333333333333,0.39
7201402,0.032,0.281,0.687
7156675,0.332,0.465,0.203
7105849,0.15,0.338,0.512
7190940,0.007,0.096,0.897
7176492,0.119,0.24466666666666664,0.6363333333333333
7109146,0.021,0.265,0.714
7135096,0.032,0.15941666666666668,0.8085833333333332
7145341,0.04,0.253,0.707
7170053,0.061,0.609,0.33
7222037,0.355,0.3226666666666667,0.3223333333333333
7200576,0.229,0.348,0.423
7219311,0.126,0.241,0.633
7088683,0.048,0.244,0.708
7197130,0.138,0.478,0.384
7198553,0.012,0.137,0.851
7092108,0.198,0.469,0.333
7233635,0.495,0.358,0.147
7162208,0.024,0.174,0.802
7113584,0.262,0.218,0.52
7088920,0.23375,0.22725,0.539
7212619,0.009,0.111,0.88
7108297,0.01,0.166,0.824
7212382,0.016,0.108,0.876
7228960,0.028,0.323,0.649
7223136,0.004,0.036,0.96
7140835,0.06,0.181,0.759
7161726,0.206,0.43366666666666664,0.3603333333333334
7193196,0.01,0.06,0.93
7131021,0.005,0.09,0.905
7136116,0.0,0.002,0.998
7199243,0.015,0.077,0.908
7107410,0.105,0.551,0.344
7111408,0.08,0.268,0.652
7143442,0.108,0.333,0.559
7201307,0.001,0.015,0.984
7163518,0.254,0.401,0.345
7210133,0.026,0.346,0.628
7155655,0.026,0.208,0.766
7140488,0.055,0.294,0.651
7133293,0.01,0.129,0.861
7126808,0.036,0.148,0.816
7227507,0.013,0.177,0.81
7159592,0.013,0.132,0.855
7180725,0.036,0.151,0.813
7150854,0.002,0.004,0.994
7137335,0.033,0.116,0.851
7158425,0.028,0.145,0.827
7213225,0.058,0.204,0.738
7148260,0.001,0.053,0.946
7111858,0.051,0.2403,0.7087
7171126,0.013,0.261,0.726
7189468,0.003,0.05,0.947
7192340,0.014,0.12,0.866
7164476,0.1395,0.5975,0.263
7510953,0.008,0.03066666666666667,0.9613333333333334
7233576,0.058,0.287,0.655
7181820,0.016,0.14,0.844
7152810,0.0,0.005,0.995
7201962,0.0,0.03,0.97
7139487,0.052,0.404,0.544
7227862,0.105,0.3,0.595
7207553,0.076,0.248,0.676
7161665,0.098,0.2806,0.6214
7145839,0.0,0.005,0.995
7111740,0.005,0.09,0.905
7218313,0.011,0.263,0.726
7210476,0.027,0.143,0.83
7215652,0.006,0.076,0.918
7139122,0.009,0.351,0.64
7105843,0.058,0.313,0.629
7202962,0.07,0.224,0.706
7125601,0.0,0.0,1.0
7177976,0.036,0.071,0.893
7160458,0.022,0.157,0.821
7101930,0.057,0.471,0.472
7162776,0.022,0.2665,0.7115
7201534,0.143,0.734,0.123
7134791,0.159,0.35591666666666666,0.4850833333333333
7187911,0.001,0.008,0.991
7179474,0.37570000000000003,0.34529999999999994,0.279
7211709,0.15046666666666667,0.5015333333333333,0.348
7091376,0.047,0.423,0.53
7220819,0.32,0.26,0.42
7097222,0.128,0.284,0.588
7214485,0.019,0.083,0.898
7191186,0.0155,0.0175,0.967
7113981,0.06,0.145,0.795
7100790,0.023,0.07216666666666668,0.9048333333333334
7147743,0.001,0.0155,0.9835
7092755,0.36,0.402,0.238
7113999,0.001,0.017,0.982
7119360,0.109,0.212,0.679
7088049,0.025,0.088,0.887
7144447,0.23,0.634,0.136
7123686,0.0,0.024,0.976
7178148,0.12,0.356,0.524
7100482,0.068,0.439,0.493
7131572,0.331,0.371,0.298
7181965,0.082,0.38,0.538
7110028,0.0891,0.3221666666666667,0.5887333333333333
7107440,0.075,0.543,0.382
7124764,0.011,0.086,0.903
7152838,0.001,0.001,0.998
7146250,0.158,0.412,0.43
7198218,0.04,0.39,0.57
7136542,0.26675,0.46092857142857147,0.27232142857142855
7204694,0.06,0.16133333333333336,0.7786666666666667
7230370,0.044,0.134,0.822
7207615,0.099,0.323,0.578
7170804,0.027,0.263,0.71
7100338,0.094,0.3420000000000001,0.564
7102612,0.076,0.317,0.607
7136327,0.12216666666666667,0.21483333333333332,0.663
7226629,0.029,0.166,0.805
7154141,0.019,0.115,0.866
7119278,0.004,0.116,0.88
7172516,0.011,0.125,0.864
7173854,0.075,0.1615,0.7635
7113913,0.037,0.145,0.818
7214948,0.005,0.031,0.964
7167244,0.109,0.331,0.56
7212552,0.093,0.08666666666666666,0.8203333333333332
7169247,0.088,0.279,0.633
7164608,0.357,0.381,0.262
7104037,0.018,0.14,0.842
7161305,0.042,0.29,0.668
7233719,0.024,0.094,0.882
7197388,0.105,0.255,0.64
7109575,0.13725,0.22331666666666666,0.6394333333333333
7204398,0.052,0.215,0.733
7218631,0.09983333333333333,0.18824999999999997,0.7119166666666668
7130018,0.063,0.19,0.747
7123544,0.057,0.286,0.657
7159778,0.0,0.01,0.99
7212037,0.076,0.216,0.708
7141155,0.0,0.005,0.995
7131753,0.023,0.18,0.797
7172478,0.039,0.23,0.731
7119936,0.029,0.202,0.769
7178319,0.001,0.03,0.969
7210976,0.008,0.042,0.95
7088694,0.254,0.452,0.294
7126674,0.013,0.057,0.93
7225095,0.224,0.4,0.376
7177379,0.044,0.49,0.466
7167344,0.022,0.108,0.87
7092487,0.3995,0.3545,0.246
7207338,0.028,0.14,0.832
7200580,0.115,0.207,0.678
7101757,0.007,0.121,0.872
7106534,0.002,0.007,0.991
7140877,0.036,0.122,0.842
7088400,0.038,0.145,0.817
7208826,0.239,0.32839999999999997,0.43260000000000004
7124298,0.3037833333333333,0.4022166666666667,0.294
7197164,0.041,0.21,0.749
7188447,0.083,0.159,0.758
7193170,0.001,0.008,0.991
7232150,0.295,0.411,0.294
7206931,0.023,0.135,0.842
7163701,0.105,0.26975,0.62525
7230747,0.001,0.044,0.955
7123636,0.013,0.073,0.914
7100167,0.155,0.794,0.051
7095483,0.109,0.153,0.738
7212292,0.0285,0.099,0.8725
7161423,0.16,0.416,0.424
7094323,0.115,0.307,0.578
7134126,0.115,0.422,0.463
7135730,0.004,0.02,0.976
7114056,0.564,0.257,0.179
7162122,0.023,0.052,0.925
7226116,0.011,0.209,0.78
7225528,0.006,0.007,0.987
7198381,0.005,0.083,0.912
7165862,0.014,0.053,0.933
7226721,0.025,0.094,0.881
7119665,0.007,0.494,0.499
7092959,0.129,0.51825,0.35275
7233370,0.034,0.182,0.784
7198643,0.22746666666666668,0.2688833333333333,0.5036499999999999
7151311,0.032,0.06845,0.89955
7228932,0.054,0.293,0.653
7133618,0.001,0.012,0.987
7155042,0.005,0.021,0.974
7202228,0.029,0.394,0.577
7138573,0.0,0.008,0.992
7108430,0.027,0.247,0.726
7231314,0.024,0.008,0.968
7124228,0.085,0.424,0.491
7174511,0.0375,0.1275,0.835
7185449,0.005,0.053,0.942
7213650,0.007,0.079,0.914
7133941,0.0575,0.1915,0.751
7187366,0.0,0.003,0.997
7224166,0.104,0.25,0.646
7169973,0.029,0.249,0.722
7210489,0.035,0.35,0.615
7161088,0.4225,0.4525,0.125
7153934,0.027,0.301,0.672
7131257,0.032,0.117,0.851
7194859,0.111,0.33025,0.55875
7113061,0.104,0.568,0.328
7204259,0.002,0.052,0.946
7222883,0.001,0.002,0.997
7102127,0.04,0.388,0.572
7101779,0.002,0.155,0.843
7204401,0.013,0.258,0.729
7102696,0.015,0.151,0.834
7167132,0.001,0.063,0.936
7153925,0.196,0.328,0.476
7109556,0.001,0.009,0.99
7140782,0.054,0.1485,0.7975
7150633,0.013,0.039,0.948
7130332,0.039,0.186,0.775
7090117,0.024,0.158,0.818
7159969,0.021,0.126,0.853
7159980,0.007,0.066,0.927
7094322,0.22,0.265,0.515
7169785,0.005,0.015,0.98
7137077,0.011,0.171,0.818
7166021,0.002,0.074,0.924
7090007,0.023,0.347,0.63
7174035,0.05,0.1945,0.7555
7222684,0.022,0.063,0.915
7145358,0.053,0.446,0.501
7198874,0.068,0.315,0.617
7227001,0.071,0.269,0.66
7213525,0.0,0.017,0.983
7222801,0.0,0.056,0.944
7223947,0.087,0.314,0.599
7217717,0.07,0.157,0.773
7131037,0.007,0.087,0.906
7212360,0.344,0.38833333333333336,0.2676666666666666
7116094,0.161,0.199,0.64
7117057,0.037,0.11876666666666666,0.8442333333333334
7110218,0.186,0.4108,0.4032
7224295,0.063,0.236,0.701
7156844,0.096,0.467,0.437
7132335,0.115,0.483,0.402
7177151,0.31485,0.38914999999999994,0.296
7145144,0.062,0.276,0.662
7088527,0.012,0.177,0.811
7591938,0.023,0.167,0.81
7164189,0.056,0.244,0.7
7181386,0.068,0.378,0.554
7154896,0.005,0.107,0.888
7171775,0.011,0.059,0.93
7223791,0.127,0.269,0.604
7114825,0.018,0.092,0.89
7186411,0.004,0.006,0.99
7178692,0.046,0.054,0.9
7092405,0.268,0.403,0.329
7154186,0.006,0.048,0.946
7089860,0.037,0.176,0.787
7093311,0.037,0.316,0.647
7095391,0.004,0.09,0.906
7117897,0.049,0.16,0.791
7109138,0.056,0.327,0.617
7099040,0.038,0.262,0.7
7093041,0.01,0.033,0.957
7094767,0.018,0.176,0.806
7111403,0.061,0.524,0.415
7136662,0.036,0.1765,0.7875
7172760,0.077,0.241,0.682
7093925,0.248,0.347,0.405
7151085,0.006,0.109,0.885
7229152,0.022,0.18808333333333332,0.7899166666666667
7177630,0.058,0.331,0.611
7112601,0.043,0.32430000000000003,0.6327
7091858,0.099,0.389,0.512
7145790,0.097,0.31,0.593
7121469,0.107,0.483,0.41
7131218,0.001,0.055,0.944
7089818,0.058,0.175,0.767
7218493,0.158,0.358,0.484
7102516,0.05,0.287,0.663
7128832,0.095,0.108,0.797
7141416,0.005,0.037,0.958
7119172,0.055,0.15433333333333332,0.7906666666666666
7104404,0.171,0.518,0.311
7155370,0.004,0.14,0.856
7099106,0.096,0.169,0.735
7207897,0.001,0.047,0.952
7181407,0.145,0.5308833333333334,0.3241166666666666
7230033,0.183,0.3335,0.4835
7089127,0.19833333333333333,0.462,0.3396666666666666
7209677,0.007,0.073,0.92
7140941,0.147,0.454,0.399
7104655,0.019,0.056,0.925
7229311,0.125,0.414,0.461
7150462,0.021,0.2,0.779
7193420,0.13308333333333333,0.4289166666666666,0.438
7224661,0.023,0.263,0.714
7105052,0.061,0.229,0.71
7211261,0.325,0.329,0.346
7209769,0.17083333333333334,0.4771666666666667,0.352
7167803,0.013,0.185,0.802
7095923,0.083,0.183,0.734
7187442,0.12,0.286,0.594
7108785,0.043,0.257,0.7
7179725,0.0,0.002,0.998
7210753,0.073,0.4746,0.45239999999999997
7211593,0.03,0.103,0.867
7186078,0.006,0.039,0.955
7090925,0.3916,0.38639999999999997,0.222
7134002,0.1025,0.2145,0.683
7164549,0.063,0.173,0.764
7215742,0.002,0.038,0.96
7108240,0.054,0.155,0.791
7197086,0.104,0.651,0.245
7205678,0.004,0.004,0.992
7122785,0.003,0.031,0.966
7114064,0.009,0.113,0.878
7224343,0.003,0.184,0.813
7194178,0.004,0.5,0.496
7095589,0.093,0.18,0.727
7197800,0.033,0.097,0.87
7088799,0.023,0.26,0.717
7194121,0.011,0.115,0.874
7196590,0.124,0.368,0.508
7223833,0.095,0.606,0.299
7110915,0.088,0.648,0.264
7224056,0.009,0.145,0.846
7197047,0.132,0.447,0.421
7090158,0.062,0.659,0.279
7123473,0.161,0.389,0.45
7193586,0.186,0.198,0.616
7196693,0.013,0.017,0.97
7199564,0.008,0.129,0.863
7093574,0.041,0.10533333333333335,0.8536666666666668
7092343,0.111,0.395,0.494
7217049,0.15,0.1765,0.6735
7111219,0.041,0.096,0.863
7133704,0.136,0.2943333333333334,0.5696666666666668
7182001,0.008,0.137,0.855
7180442,0.027,0.343,0.63
7111017,0.075,0.453,0.472
7220878,0.09,0.395,0.515
7095205,0.019,0.07775,0.90325
7216517,0.0,0.015,0.985
7159288,0.15633333333333335,0.5396666666666667,0.304
7119246,0.218,0.3321666666666666,0.44983333333333336
7158215,0.083,0.24133333333333334,0.6756666666666667
7136730,0.015,0.15,0.835
7107671,0.004,0.058,0.938
7134021,0.028,0.175,0.797
7232515,0.234,0.575,0.191
7147946,0.002,0.051,0.947
7190857,0.0,0.0,1.0
7178889,0.015,0.142,0.843
7170422,0.022,0.173,0.805
7091904,0.014,0.079,0.907
7217352,0.179,0.219,0.602
7197908,0.299,0.293,0.408
7142717,0.004,0.06,0.936
7183537,0.014,0.149,0.837
7205546,0.203,0.406,0.391
7183423,0.008,0.099,0.893
7093427,0.047,0.211,0.742
7219409,0.161,0.255,0.584
7116703,0.121,0.249,0.63
7151354,0.2795,0.3935,0.327
7222105,0.108,0.206,0.686
7180795,0.432,0.154,0.414
7098008,0.111,0.264,0.625
7206904,0.073,0.21,0.717
7141611,0.015,0.188,0.797
7195338,0.225,0.395,0.38
7092067,0.094,0.663,0.243
7097792,0.009,0.018,0.973
7222020,0.098,0.238,0.664
7209642,0.1,0.336,0.564
7209245,0.024,0.478,0.498
7108986,0.521,0.128,0.351
7107555,0.014,0.072,0.914
7233072,0.004,0.08,0.916
7156026,0.042,0.185,0.773
7169905,0.016,0.134,0.85
7122126,0.281,0.2695166666666666,0.44948333333333335
7211201,0.007,0.043,0.95
7742794,0.005,0.015,0.98
7207937,0.004,0.066,0.93
7202637,0.003,0.043,0.954
7134448,0.005,0.168,0.827
7173594,0.031,0.147,0.822
7108951,0.0,0.023,0.977
7174472,0.088,0.14,0.772
7210897,0.116,0.379,0.505
7185768,0.002,0.061,0.937
7230376,0.016,0.294,0.69
7098825,0.04,0.191,0.769
7201948,0.032,0.233,0.735
7165062,0.74,0.118,0.142
7198423,0.01,0.135,0.855
7119178,0.0,0.003,0.997
7178479,0.018,0.177,0.805
7200232,0.001,0.023,0.976
7170145,0.706,0.154,0.14
7176379,0.0,0.024,0.976
7137043,0.009,0.099,0.892
7200384,0.002,0.111,0.887
7217821,0.012,0.197,0.791
7134893,0.007,0.08,0.913
7197725,0.039,0.35,0.611
7204952,0.027,0.174,0.799
7231644,0.005,0.131,0.864
7234150,0.025,0.146,0.829
7114993,0.035,0.146,0.819
7136309,0.136,0.361,0.503
7220322,0.216,0.2,0.584
7187965,0.077,0.464,0.459
7203099,0.001,0.004,0.995
7143470,0.043,0.462,0.495
7087974,0.089,0.229,0.682
7140778,0.267,0.345,0.388
7129324,0.002,0.023,0.975
7213945,0.022,0.205,0.773
7226210,0.007,0.125,0.868
7162274,0.013,0.105,0.882
7102773,0.014,0.213,0.773
7186868,0.001,0.07,0.929
7228647,0.22575,0.44825,0.326
7193706,0.002,0.125,0.873
7122928,0.031,0.374,0.595
7229267,0.15,0.418,0.432
7206300,0.004,0.058,0.938
7147449,0.005,0.045,0.95
7136240,0.0,0.002,0.998
7221477,0.034,0.285,0.681
7106186,0.145,0.309,0.546
7145156,0.15633333333333332,0.5356666666666667,0.308
7224345,0.002,0.07,0.928
7232021,0.018,0.158,0.824
7231348,0.024,0.103,0.873
7140758,0.011,0.066,0.923
7099533,0.052,0.37,0.578
7225250,0.017,0.193,0.79
7125833,0.0,0.003,0.997
7129454,0.004,0.119,0.877
7092980,0.041,0.208,0.751
7123453,0.138,0.383,0.479
7142795,0.137,0.613,0.25
7102119,0.3815,0.2365,0.382
7211567,0.059,0.204,0.737
7213621,0.015,0.12,0.865
7103201,0.061,0.551,0.388
7163924,0.011,0.11,0.879
7210111,0.003,0.231,0.766
7144655,0.021,0.08,0.899
7160952,0.016,0.137,0.847
7184254,0.103,0.49275,0.40425000000000005
7216639,0.066,0.424,0.51
7110988,0.053,0.406,0.541
7212621,0.004,0.012,0.984
7112656,0.061,0.144,0.795
7224021,0.012,0.079,0.909
7196348,0.563,0.263,0.174
7194589,0.001,0.155,0.844
7193119,0.025,0.008,0.967
7188468,0.0,0.037,0.963
7215737,0.01,0.036,0.954
7137826,0.12191666666666667,0.326,0.5520833333333334
7126076,0.006,0.087,0.907
7155324,0.134,0.37,0.496
7157315,0.012,0.184,0.804
7115193,0.013,0.149,0.838
7107399,0.005,0.07783333333333332,0.9171666666666668
7218891,0.017,0.03666666666666667,0.9463333333333332
7148067,0.075,0.367,0.558
7135725,0.005,0.048333333333333325,0.9466666666666668
7197475,0.0,0.005,0.995
7160360,0.134,0.391,0.475
7122081,0.326,0.45,0.224
7159613,0.009,0.166,0.825
7189424,0.105,0.289,0.606
7232313,0.262,0.548,0.19
7227115,0.258,0.366,0.376
7132993,0.033,0.397,0.57
7217304,0.015,0.058,0.927
7098927,0.158,0.311,0.531
7118354,0.009,0.208,0.783
7178031,0.053,0.154,0.793
7228451,0.014,0.06,0.926
7209911,0.008,0.324,0.668
7170170,0.053,0.3541666666666667,0.5928333333333333
7129240,0.069,0.3176666666666667,0.6133333333333334
7110081,0.05,0.21,0.74
7150140,0.013,0.156,0.831
7180498,0.019,0.187,0.794
7206470,0.026,0.097,0.877
7221088,0.001,0.148,0.851
7120245,0.07466666666666666,0.2303333333333333,0.695
7128229,0.148,0.256,0.596
7234393,0.063,0.536,0.401
7231736,0.009,0.358,0.633
7216585,0.099,0.655,0.246
7181376,0.263,0.431,0.306
7145618,0.001,0.034,0.965
7110767,0.087,0.533,0.38
7140360,0.014,0.088,0.898
7160625,0.224,0.548,0.228
7218703,0.097,0.464,0.439
7183954,0.05,0.324,0.626
7194605,0.015,0.528,0.457
7160599,0.022,0.218,0.76
7145137,0.015,0.206,0.779
7176680,0.0,0.004,0.996
7153917,0.022,0.048,0.93
7134856,0.057,0.237,0.706
7164385,0.003,0.006,0.991
7193987,0.0,0.0,1.0
7204405,0.005,0.15,0.845
7223511,0.027,0.343,0.63
7104941,0.055,0.262,0.683
7168560,0.072,0.213,0.715
7126957,0.1375,0.271,0.5915
7170035,0.142,0.466,0.392
7220216,0.058,0.107,0.835
7217853,0.003,0.0545,0.9425
7181390,0.001,0.027,0.972
7232921,0.004,0.154,0.842
7199831,0.002,0.034,0.964
7202263,0.164,0.498,0.338
7209616,0.201,0.573,0.226
7128755,0.005,0.0685,0.9265
7149841,0.00575,0.015,0.97925
7186032,0.16063333333333332,0.41636666666666666,0.423
7137220,0.2306666666666667,0.31233333333333335,0.457
7190664,0.008,0.212,0.78
7149496,0.008,0.108,0.884
7120532,0.001,0.003,0.996
7092693,0.059,0.484,0.457
7197858,0.004,0.036833333333333336,0.9591666666666667
7212194,0.141,0.38866666666666666,0.4703333333333333
7138834,0.0,0.034,0.966
7104115,0.112,0.5023333333333333,0.3856666666666666
7094744,0.079,0.326,0.595
7198943,0.575,0.343,0.082
7176343,0.0,0.002,0.998
7133337,0.2485,0.6335,0.118
7188193,0.006,0.169,0.825
7136445,0.018,0.116,0.866
7154538,0.209,0.449,0.342
7197339,0.003,0.072,0.925
7121970,0.185,0.397,0.418
7172973,0.125,0.4605,0.4145
7155222,0.055,0.468,0.477
7208152,0.234,0.379,0.387
7110322,0.17366666666666666,0.4643333333333333,0.362
7173039,0.002,0.039,0.959
7225844,0.0,0.008,0.992
7160707,0.019,0.193,0.788
7130400,0.01,0.637,0.353
7213472,0.02,0.125,0.855
7090610,0.052,0.135,0.813
7169822,0.043,0.324,0.633
7178185,0.049,0.047,0.904
7118624,0.024,0.204,0.772
7113688,0.002,0.01,0.988
7113441,0.019,0.045,0.936
7114204,0.155,0.295,0.55
7189187,0.219,0.5,0.281
7164254,0.01,0.067,0.923
7088691,0.051,0.10442857142857143,0.8445714285714285
7186876,0.003,0.031,0.966
7110477,0.138,0.402,0.46
7093626,0.185,0.442,0.373
7172747,0.009,0.104,0.887
7218842,0.044,0.295,0.661
7122476,0.6488333333333334,0.19416666666666668,0.157
7132478,0.62025,0.23125,0.1485
7152493,0.015,0.177,0.808
7116017,0.304,0.391,0.305
7090331,0.095,0.443,0.462
7201906,0.221,0.163,0.616
7170677,0.085,0.506,0.409
7143707,0.014,0.0535,0.9325
7148406,0.059833333333333336,0.12716666666666668,0.813
7210622,0.028,0.205,0.767
7180636,0.454,0.192,0.354
7139197,0.019,0.142,0.839
7125598,0.018,0.259,0.723
7222360,0.045,0.1885,0.7665
7152947,0.02,0.138,0.842
7110250,0.025,0.188,0.787
7089590,0.027,0.099,0.874
7192379,0.10083333333333333,0.6811666666666666,0.218
7136754,0.015,0.062,0.923
7232839,0.014,0.097,0.889
7187575,0.0,0.004,0.996
7105705,0.326,0.28526666666666667,0.38873333333333326
7119070,0.07618333333333334,0.35418888888888894,0.5696277777777777
7205349,0.0,0.006,0.994
7187758,0.234,0.42233333333333334,0.3436666666666666
7125849,0.002,0.002,0.996
7204785,0.058166666666666665,0.2928333333333334,0.649
7118489,0.039,0.148,0.813
7117655,0.027,0.241,0.732
7214997,0.083,0.464,0.453
7141774,0.078,0.229,0.693
7117282,0.003,0.006,0.991
7092905,0.101,0.331,0.568
7167227,0.192,0.569,0.239
7118875,0.082,0.258,0.66
7155331,0.007,0.132,0.861
7211438,0.01,0.11,0.88
7173559,0.097,0.2783333333333333,0.6246666666666666
7199427,0.006,0.014,0.98
7099360,0.275,0.416,0.309
7125705,0.007,0.043,0.95
7172805,0.258,0.266,0.476
7139155,0.16375,0.4184999999999999,0.41775000000000007
7214039,0.005,0.161,0.834
7094343,0.028,0.21,0.762
7204320,0.054,0.306,0.64
7151971,0.206,0.4293333333333333,0.3646666666666667
7110877,0.009,0.067,0.924
7132523,0.034,0.13,0.836
7155519,0.035,0.049,0.916
7190642,0.058,0.381,0.561
7118228,0.011,0.092,0.897
7126213,0.0,0.084,0.916
7172442,0.035,0.217,0.748
7118264,0.0,0.0076,0.9924
7093219,0.04,0.257,0.703
7233590,0.151,0.385,0.464
7128243,0.05,0.243,0.707
7106927,0.001,0.001,0.998
7228089,0.115,0.365,0.52
7146340,0.061,0.211,0.728
7112051,0.2923333333333334,0.29666666666666663,0.411
7127829,0.009,0.122,0.869
7210234,0.376,0.269,0.355
7109165,0.291,0.473,0.236
7166390,0.0,0.003,0.997
7110675,0.008,0.147,0.845
7126338,0.036,0.1,0.864
7143712,0.002,0.032,0.966
7214193,0.135,0.395,0.47
7181512,0.184,0.375,0.441
7155125,0.0,0.041,0.959
7110157,0.038,0.5,0.462
7190022,0.056,0.218,0.726
7227894,0.117,0.522,0.361
7203614,0.038,0.312,0.65
7161296,0.017,0.107,0.876
7138026,0.014,0.079,0.907
7133292,0.16,0.2939666666666667,0.5460333333333333
7136259,0.418,0.449,0.133
7092740,0.173,0.14533333333333334,0.6816666666666666
7185906,0.31,0.233,0.457
7171183,0.053,0.243,0.704
7099949,0.054,0.313,0.633
7232816,0.016,0.223,0.761
7731330,0.01,0.146,0.844
7188495,0.002,0.005,0.993
7232550,0.047,0.232,0.721
7094154,0.028,0.357,0.615
7194616,0.021,0.142,0.837
7114963,0.121,0.182,0.697
7221523,0.098,0.292,0.61
7179233,0.05275,0.15291666666666665,0.7943333333333332
7177570,0.037,0.177,0.786
7228441,0.004,0.006,0.99
7153044,0.116,0.175,0.709
7172178,0.026,0.163,0.811
7222466,0.243,0.364,0.393
7153261,0.001,0.002,0.997
7124338,0.016,0.1535,0.8305
7117307,0.685,0.198,0.117
7200728,0.028,0.18533333333333335,0.7866666666666666
7134352,0.003,0.038,0.959
7198484,0.08,0.384,0.536
7132745,0.6106666666666667,0.10116666666666667,0.2881666666666666
7111080,0.03,0.317,0.653
7227191,0.132,0.442,0.426
7124588,0.204,0.2856666666666666,0.5103333333333333
7127484,0.201,0.436,0.363
7094225,0.152,0.19,0.658
7230321,0.058,0.577,0.365
7154577,0.018,0.13,0.852
7204593,0.001,0.022,0.977
7157769,0.12575,0.41025,0.464
7173154,0.028,0.229,0.743
7113368,0.006,0.068,0.926
7096071,0.098,0.184,0.718
7137523,0.166,0.251,0.583
7131181,0.046,0.152,0.802
7095284,0.113,0.281,0.606
7157158,0.115,0.285,0.6
7088651,0.004,0.106,0.89
7197295,0.01,0.105,0.885
7137293,0.032,0.171,0.797
7091021,0.048549999999999996,0.041,0.9104500000000001
7228687,0.0,0.104,0.896
7100224,0.15633333333333332,0.3296666666666666,0.514
7144950,0.439,0.342,0.219
7154009,0.416,0.297,0.287
7115833,0.029,0.567,0.404
7102621,0.027,0.096,0.877
7137867,0.066,0.187,0.747
7182564,0.009,0.174,0.817
7208411,0.011,0.171,0.818
7111203,0.085,0.226,0.689
7106948,0.0,0.004,0.996
7131171,0.22133333333333335,0.44866666666666666,0.33
7162196,0.003,0.031,0.966
7204960,0.004,0.031,0.965
7220813,0.0585,0.2075,0.734
7102514,0.049,0.195,0.756
7170188,0.014,0.313,0.673
7200451,0.084,0.317,0.599
7131681,0.412,0.398,0.19
7155766,0.01,0.135,0.855
7200749,0.163,0.501,0.336
7191970,0.017,0.162,0.821
7127552,0.39,0.494,0.116
7186989,0.007,0.162,0.831
7102873,0.082,0.261,0.657
7205155,0.009,0.033,0.958
7126587,0.128,0.5611666666666666,0.3108333333333333
7098737,0.066,0.255,0.679
7180033,0.0,0.025,0.975
7234396,0.029,0.358,0.613
7140834,0.003,0.002,0.995
7181527,0.274,0.493,0.233
7109341,0.16675,0.42925,0.404
7193958,0.365,0.32975,0.30525
7202079,0.272,0.253,0.475
7217657,0.005,0.13,0.865
7185316,0.02,0.528,0.452
7216681,0.031,0.284,0.685
7136951,0.058,0.24966666666666665,0.6923333333333332
7186792,0.023,0.121,0.856
7131845,0.078,0.546,0.376
7143957,0.05,0.609,0.341
7207682,0.03,0.131,0.839
7228913,0.246,0.45,0.304
7185290,0.011,0.078,0.911
7228048,0.099,0.27666666666666667,0.6243333333333333
7091789,0.114,0.354,0.532
7172114,0.204,0.394,0.402
7204344,0.079,0.188,0.733
7212429,0.016,0.057666666666666665,0.9263333333333333
7174038,0.021,0.157,0.822
7140947,0.05,0.0721,0.8779
7136385,0.134,0.592,0.274
7098697,0.151,0.248,0.601
7103401,0.066,0.526,0.408
7129860,0.076,0.266,0.658
7105664,0.029,0.203,0.768
7233144,0.196,0.551,0.253
7207409,0.009,0.034,0.957
7231912,0.038,0.314,0.648
7126959,0.014,0.11,0.876
7227804,0.003,0.166,0.831
7163821,0.0294,0.13925,0.83135
7145485,0.009,0.139,0.852
7097859,0.049,0.646,0.305
7154234,0.026,0.239,0.735
7109970,0.293,0.458,0.249
7152005,0.001,0.005,0.994
7232891,0.03,0.187,0.783
7142235,0.033,0.15776666666666664,0.8092333333333334
7149949,0.337,0.065,0.598
7195663,0.072,0.235,0.693
7190710,0.007,0.057,0.936
7142847,0.046,0.2,0.754
7138357,0.073,0.161,0.766
7203622,0.012,0.044,0.944
7123206,0.013,0.082,0.905
7143835,0.22585,0.17915,0.595
7203807,0.181,0.676,0.143
7176422,0.007,0.006,0.987
7161267,0.014,0.116,0.87
7217764,0.073,0.302,0.625
7189800,0.177,0.606,0.217
7157949,0.004,0.023,0.973
7137148,0.002,0.055,0.943
7182086,0.11233333333333333,0.23166666666666666,0.656
7093895,0.092,0.389,0.519
7234109,0.005,0.027,0.968
7137487,0.02,0.264,0.716
7103144,0.097,0.273,0.63
7227172,0.047,0.218,0.735
7211829,0.612,0.23,0.158
7208277,0.1052,0.4718,0.423
7094814,0.0685,0.2215,0.71
7204539,0.059,0.3396,0.6013999999999999
7195524,0.035,0.201,0.764
7194184,0.519,0.285,0.196
7226260,0.006,0.091,0.903
7154608,0.008,0.11,0.882
7132744,0.037,0.2795833333333333,0.6834166666666667
7125703,0.039,0.306,0.655
7157210,0.023,0.115,0.862
7210643,0.001,0.046,0.953
7100572,0.08733333333333333,0.17766666666666667,0.735
